{
  "_meta": {
    "name": "Irvine & Baragar (1971) AFM boundary",
    "type": "ternary_boundary",
    "components": [
      "F=FeOt",
      "A=Na2O+K2O",
      "M=MgO"
    ],
    "source": "\u7528\u6237\u9010\u70b9\u6821\u51c6\u7248\uff0c18\u70b9\u7cbe\u786e\u5750\u6807"
  },
  "boundary": [
    {
      "a": 15.0,
      "b": 3.3,
      "c": 81.7
    },
    {
      "a": 17.5,
      "b": 3.5,
      "c": 79.0
    },
    {
      "a": 21.0,
      "b": 4.0,
      "c": 75.0
    },
    {
      "a": 25.0,
      "b": 5.0,
      "c": 70.0
    },
    {
      "a": 29.0,
      "b": 6.0,
      "c": 65.0
    },
    {
      "a": 33.5,
      "b": 7.0,
      "c": 59.5
    },
    {
      "a": 38.0,
      "b": 8.5,
      "c": 53.5
    },
    {
      "a": 43.0,
      "b": 10.0,
      "c": 47.0
    },
    {
      "a": 48.0,
      "b": 12.0,
      "c": 40.0
    },
    {
      "a": 53.0,
      "b": 14.5,
      "c": 32.5
    },
    {
      "a": 57.5,
      "b": 17.5,
      "c": 25.0
    },
    {
      "a": 60.0,
      "b": 20.0,
      "c": 20.0
    },
    {
      "a": 59.5,
      "b": 23.0,
      "c": 17.5
    },
    {
      "a": 56.5,
      "b": 28.0,
      "c": 15.5
    },
    {
      "a": 51.0,
      "b": 34.5,
      "c": 14.5
    },
    {
      "a": 44.0,
      "b": 42.0,
      "c": 14.0
    },
    {
      "a": 36.5,
      "b": 50.0,
      "c": 13.5
    },
    {
      "a": 29.0,
      "b": 58.0,
      "c": 13.0
    }
  ],
  "fill_regions": [
    {
      "name": "Tholeiitic",
      "color": "#ffcc80",
      "alpha": 0.25
    },
    {
      "name": "Calc-Alkaline",
      "color": "#90caf9",
      "alpha": 0.25
    }
  ]
}