{
  "_meta": {
    "name": "Cabanis (1989) La/10-Y/15-Nb/8",
    "type": "ternary_boundary",
    "components": [
      "La/10",
      "Y/15",
      "Nb/8"
    ]
  },
  "polygon": [
    {
      "a": 0.0,
      "b": 62.0,
      "c": 38.0
    },
    {
      "a": 47.0,
      "b": 32.9,
      "c": 20.1
    },
    {
      "a": 57.0,
      "b": 43.0,
      "c": 0.0
    },
    {
      "a": 47.0,
      "b": 32.9,
      "c": 20.1
    },
    {
      "a": 54.0,
      "b": 28.5,
      "c": 17.5
    },
    {
      "a": 58.0,
      "b": 19.5,
      "c": 22.5
    },
    {
      "a": 54.0,
      "b": 28.5,
      "c": 17.5
    },
    {
      "a": 59.0,
      "b": 25.4,
      "c": 15.6
    },
    {
      "a": 67.0,
      "b": 33.0,
      "c": 0.0
    },
    {
      "a": 59.0,
      "b": 25.4,
      "c": 15.6
    },
    {
      "a": 80.0,
      "b": 12.4,
      "c": 7.6
    },
    {
      "a": 100.0,
      "b": -0.0,
      "c": 0.0
    },
    {
      "a": 80.0,
      "b": 12.4,
      "c": 7.6
    },
    {
      "a": 68.0,
      "b": 16.2,
      "c": 15.8
    },
    {
      "a": 76.5,
      "b": -0.0,
      "c": 23.5
    },
    {
      "a": 68.0,
      "b": 16.2,
      "c": 15.8
    },
    {
      "a": 27.5,
      "b": 29.2,
      "c": 43.3
    },
    {
      "a": 42.5,
      "b": -0.0,
      "c": 57.5
    },
    {
      "a": 27.5,
      "b": 29.2,
      "c": 43.3
    },
    {
      "a": 0.0,
      "b": 38.0,
      "c": 62.0
    }
  ]
}